maxerr = 3.22434e-06

    89400.9    84173.8    -103744 1.45017e-07   -134.811
    84173.8     385445    -166487 3.75173e-09   -272.884
    -103744    -166487     159482 -5.9689e-08   -372.016
 1.44003e-07 4.92643e-09 -5.64645e-08   0.643846 -2.36848e-08
   -134.811   -272.884   -372.016 -2.38576e-08    3529.88

          0 1.88093e-13 4.00744e-13 1.01339e-06 1.66911e-12
 -1.88093e-13          0 3.1737e-13 -1.1747e-06 -1.54927e-11
 -4.00744e-13 -3.1737e-13          0 -3.22435e-06 -3.81996e-13
 -1.01339e-06 1.1747e-06 3.22434e-06          0 1.72798e-07
 -1.66911e-12 1.54927e-11 3.81996e-13 -1.72798e-07          0
