maxerr = 1.42089e-09

 3.74304e+06 2.6801e+06 -1.84496e+06    771.381    924.259    878.364    699.778    454.118    206.273    20.4682    -153.12   -324.159   -153.196   -240.469    -230.89   -795.589   -80.1397    131.914
 2.6801e+06 5.09997e+06 -2.7144e+06    1069.13   -156.328    -437.93    -463.24   -324.191   -121.421    44.8388    205.406    400.309    215.501     331.75    381.309     1059.8    464.777    2447.18
 -1.84496e+06 -2.7144e+06 1.70531e+06    3135.72    304.433   -756.229   -1256.37   -1225.84   -898.198   -455.453     7.7651    559.651    441.133    815.395    804.404     3177.9    337.383   -1468.46
    771.381    1069.13    3135.72    4916.61   -732.837   -456.242   -269.147   -146.347   -56.7497   -1.09669    40.0055    69.1573    22.9239    28.0769    29.2356     31.128   -81.6759    68.8709
    924.259   -156.328    304.433   -732.837    3183.22   -274.747   -188.619   -116.573   -71.6986   -39.1811   -16.7666  -0.535814    3.45084    6.94976    8.91846    10.0204    32.9676    44.5634
    878.364    -437.93   -756.229   -456.242   -274.747     3107.5     -187.7   -127.991    -94.726   -68.6974   -58.4633   -40.8203   -9.56641   -9.96764    -0.2134   -3.28758    6.41261    6.86399
    699.778    -463.24   -1256.37   -269.147   -188.619     -187.7    3129.11   -141.708   -106.734    -83.008   -80.0976   -71.9847   -16.9879   -17.9377   -10.3591   -10.9601     9.9576    15.4447
    454.118   -324.191   -1225.84   -146.347   -116.573   -127.991   -141.708    2914.79   -123.289   -108.398   -111.833   -105.894   -23.9927    -23.757   -22.0404   -20.6373    12.3548     11.707
    206.273   -121.421   -898.198   -56.7497   -71.6986    -94.726   -106.734   -123.289    2646.83   -129.659   -130.091   -129.095   -30.7172   -25.9304   -36.2259   -30.7209   -11.4998   -25.0481
    20.4682    44.8388   -455.453   -1.09669   -39.1811   -68.6974    -83.008   -108.398   -129.659    2333.68   -197.429   -176.849   -41.6148   -32.4973   -47.6862   -42.8959     7.6081    10.9203
    -153.12    205.406     7.7651    40.0055   -16.7666   -58.4633   -80.0976   -111.833   -130.091   -197.429    2340.61   -259.702   -57.3862     -48.31   -59.1967   -54.5251    9.34868    77.7202
   -324.159    400.309    559.651    69.1573  -0.535814   -40.8203   -71.9847   -105.894   -129.095   -176.849   -259.702    2229.95   -80.4412   -69.7605   -84.9331   -66.3848   -23.6056    127.249
   -153.196    215.501    441.133    22.9239    3.45084   -9.56641   -16.9879   -23.9927   -30.7172   -41.6148   -57.3862   -80.4412     803.83   -28.0814   -36.6626   -25.6236    7.87508    74.9347
   -240.469     331.75    815.395    28.0769    6.94976   -9.96764   -17.9377    -23.757   -25.9304   -32.4973     -48.31   -69.7605   -28.0814    904.413    -38.604   -29.5381    10.5834    89.0397
    -230.89    381.309    804.404    29.2356    8.91846    -0.2134   -10.3591   -22.0404   -36.2259   -47.6862   -59.1967   -84.9331   -36.6626    -38.604    879.102   -45.7291   -3.58182    148.786
   -795.589     1059.8     3177.9     31.128    10.0204   -3.28758   -10.9601   -20.6373   -30.7209   -42.8959   -54.5251   -66.3848   -25.6236   -29.5381   -45.7291       1671    36.2033    107.175
   -80.1397    464.777    337.383   -81.6759    32.9676    6.41261     9.9576    12.3548   -11.4998     7.6081    9.34868   -23.6056    7.87508    10.5834   -3.58182    36.2033    6814.57   -176.289
    131.914    2447.18   -1468.46    68.8709    44.5634    6.86399    15.4447     11.707   -25.0481    10.9203    77.7202    127.249    74.9347    89.0397    148.786    107.175   -176.289    9165.94

          0 5.1551e-13 3.95505e-13 3.17257e-11 2.60629e-11 1.72152e-11 -1.92914e-12 3.54168e-11 -9.47783e-11 -2.82627e-10 9.70629e-12 -2.30976e-11 2.50145e-10 -3.9533e-11 -9.77139e-11 -3.23746e-12 1.10089e-10 -2.51366e-11
 -5.1551e-13          0 6.02234e-13 -7.68786e-12 5.93711e-12 3.83585e-11 3.64226e-11 2.46387e-11 -6.68089e-11 5.2082e-10 5.39489e-11 5.91659e-12 1.16486e-10 5.45646e-11 3.3596e-11 -3.77213e-12 1.52623e-11 -2.28416e-12
 -3.95505e-13 -6.02234e-13          0 6.60798e-12 -2.74876e-11 -5.38496e-12 6.05521e-12 -1.11242e-11 1.09349e-11 -5.79831e-12 5.78348e-10 -4.80869e-12 -1.66239e-11 9.89955e-12 -1.44652e-12 6.42933e-12 1.54617e-11 -2.77416e-12
 -3.17257e-11 7.68786e-12 -6.60798e-12          0 -3.8023e-13 -9.90432e-13 2.11187e-12 3.61614e-13 -1.14118e-12 2.18566e-10 -1.35519e-11 1.14409e-11 1.38994e-11 -9.38451e-12 -3.24049e-11 8.72614e-12 3.74695e-12 4.92526e-11
 -2.60629e-11 -5.93711e-12 2.74876e-11 3.8023e-13          0 -1.22574e-12 -1.03594e-12 1.25714e-12 5.05711e-13 -8.89729e-12 1.24925e-11 -1.55947e-10 1.79926e-10 -3.54619e-11 -4.68871e-11 -4.94851e-12 1.29315e-11 3.4679e-11
 -1.72152e-11 -3.83585e-11 5.38496e-12 9.90432e-13 1.22574e-12          0 -1.17518e-12 1.22594e-12 -1.42196e-12 1.57296e-12 8.58345e-12 -8.26812e-12 -1.2301e-11 -1.27712e-11 6.02084e-10 1.8009e-12 1.10334e-10 1.42089e-09
 1.92914e-12 -3.64226e-11 -6.05521e-12 -2.11187e-12 1.03594e-12 1.17518e-12          0 -1.35582e-13 8.87529e-13 2.67496e-13 -5.6921e-12 5.69617e-12 -1.30703e-13 7.42697e-13 1.34318e-11 -9.93334e-11 9.66243e-11 -2.24366e-10
 -3.54168e-11 -2.46387e-11 1.11242e-11 -3.61614e-13 -1.25714e-12 -1.22594e-12 1.35582e-13          0 -1.42881e-12 3.57799e-12 2.44866e-12 -1.52376e-12 -1.36658e-11 -1.0499e-11 2.11558e-11 4.04185e-11 -5.18778e-11 1.22646e-11
 9.47783e-11 6.68089e-11 -1.09349e-11 1.14118e-12 -5.05711e-13 1.42196e-12 -8.87529e-13 1.42881e-12          0 -5.82314e-13 3.53897e-12 2.48825e-12 -5.92742e-12 -6.62196e-12 7.76379e-12 -3.42351e-11 -2.52416e-10 5.30691e-11
 2.82627e-10 -5.2082e-10 5.79831e-12 -2.18566e-10 8.89729e-12 -1.57296e-12 -2.67496e-13 -3.57799e-12 5.82314e-13          0 1.5446e-12 -6.02748e-13 -1.42142e-13 1.62616e-11 8.44336e-12 8.64443e-12 -2.88721e-10 4.4243e-10
 -9.70629e-12 -5.39489e-11 -5.78348e-10 1.35519e-11 -1.24925e-11 -8.58345e-12 5.6921e-12 -2.44866e-12 -3.53897e-12 -1.5446e-12          0 -8.20688e-13 3.89521e-12 6.08228e-12 3.92599e-12 3.05423e-12 5.44671e-11 4.21686e-11
 2.30976e-11 -5.91659e-12 4.80869e-12 -1.14409e-11 1.55947e-10 8.26812e-12 -5.69617e-12 1.52376e-12 -2.48825e-12 6.02748e-13 8.20688e-13          0 2.31867e-12 3.35262e-12 -1.01085e-12 -8.74108e-12 1.88125e-11 3.34799e-11
 -2.50145e-10 -1.16486e-10 1.66239e-11 -1.38994e-11 -1.79926e-10 1.2301e-11 1.30703e-13 1.36658e-11 5.92742e-12 1.42142e-13 -3.89521e-12 -2.31867e-12          0 8.43422e-12 1.73619e-12 5.69321e-11 1.03472e-10 1.43812e-11
 3.9533e-11 -5.45646e-11 -9.89955e-12 9.38451e-12 3.54619e-11 1.27712e-11 -7.42697e-13 1.0499e-11 6.62196e-12 -1.62616e-11 -6.08228e-12 -3.35262e-12 -8.43422e-12          0 -1.34178e-13 -7.11612e-12 -8.72748e-11 -1.01255e-10
 9.77139e-11 -3.3596e-11 1.44652e-12 3.24049e-11 4.68871e-11 -6.02084e-10 -1.34318e-11 -2.11558e-11 -7.76379e-12 -8.44336e-12 -3.92599e-12 1.01085e-12 -1.73619e-12 1.34178e-13          0 -1.10546e-11 1.18595e-10 2.57483e-11
 3.23746e-12 3.77213e-12 -6.42933e-12 -8.72614e-12 4.94851e-12 -1.8009e-12 9.93334e-11 -4.04185e-11 3.42351e-11 -8.64443e-12 -3.05423e-12 8.74108e-12 -5.69321e-11 7.11612e-12 1.10546e-11          0 1.20211e-11 9.20557e-12
 -1.10089e-10 -1.52623e-11 -1.54617e-11 -3.74695e-12 -1.29315e-11 -1.10334e-10 -9.66243e-11 5.18778e-11 2.52416e-10 2.88721e-10 -5.44671e-11 -1.88125e-11 -1.03472e-10 8.72748e-11 -1.18595e-10 -1.20211e-11          0 -4.04734e-11
 2.51366e-11 2.28416e-12 2.77416e-12 -4.92526e-11 -3.4679e-11 -1.42089e-09 2.24366e-10 -1.22646e-11 -5.30691e-11 -4.4243e-10 -4.21686e-11 -3.34799e-11 -1.43812e-11 1.01255e-10 -2.57483e-11 -9.20557e-12 4.04734e-11          0
